%YAML:1.0
calibration_time: "Thu Sep  1 16:59:52 2016"
nframes: 6
image_width: 640
image_height: 480
board_width: 8
board_height: 5
square_size: 1.4999999664723873e-02
flags: 0
camera_matrix: !!opencv-matrix
   rows: 3
   cols: 3
   dt: d
   data: [ 2.0120396222561061e+02, 0., 319.95, 0.,
       2.5224502940200756e+02, 240, 0., 0., 1. ]
distortion_coefficients: !!opencv-matrix
   rows: 4
   cols: 1
   dt: d
   data: [ 0., -2.7757044343041668e-03, 1.8538405906598363e-02,
       -6.3429438856089041e-03 ]
avg_reprojection_error: 5.9899050660911627e+01
per_view_reprojection_errors: !!opencv-matrix
   rows: 6
   cols: 1
   dt: f
   data: [ 2.18213844e+01, 6.09343719e+01, 5.48071594e+01,
       4.62019348e+01, 1.09554886e+02, 1.40531006e+01 ]
# a set of 6-tuples (rotation vector + translation vector) for each view
extrinsic_parameters: !!opencv-matrix
   rows: 6
   cols: 6
   dt: d
   data: [ 6.0525163107099230e-03, 3.6553333082991232e-02,
       1.5282218794377334e+00, 6.6622007467230890e-02,
       -7.6801429998802351e-02, 8.5488387191008791e-02,
       7.3316159114148557e-02, 8.5286563516890312e-01,
       1.1835051624974264e+00, 9.5916698818599419e-02,
       -5.5052711548904058e-02, 1.0869033764609831e-01,
       -5.5714343316444287e-02, -1.7785194034310415e-03,
       1.6526125275200712e+00, -2.2212206645310885e-03,
       -6.6782964377320356e-02, 5.9913426320638737e-02,
       9.3724844840328864e-02, 9.2443658211202318e-02,
       1.5046266743729515e+00, 4.4435046925335391e-02,
       -2.9837472761161263e-02, 6.3933015632610043e-02,
       -3.4814144077532888e-01, -2.9590906756713253e-01,
       1.5836415832082995e+00, -5.2326051502198760e-02,
       -6.4951508243672171e-02, 8.1373818457041960e-02,
       -1.2520683851828274e-01, -5.5049847557733145e-01,
       1.5232064229121027e+00, 2.3285390046691092e-02,
       -5.0417555321968247e-02, 7.9951887622253748e-02 ]
image_points: !!opencv-matrix
   rows: 6
   cols: 40
   dt: "2f"
   data: [ 4.34395935e+02, 7.52298431e+01, 4.40763031e+02,
       1.01805351e+02, 4.46942078e+02, 1.31440002e+02, 4.52313049e+02,
       1.64448395e+02, 4.56270752e+02, 1.99995056e+02, 4.58510559e+02,
       2.37478180e+02, 4.58824493e+02, 2.74889923e+02, 4.57636566e+02,
       3.10838593e+02, 4.11673096e+02, 7.04862518e+01, 4.18063385e+02,
       9.71263428e+01, 4.23546967e+02, 1.27788582e+02, 4.28575500e+02,
       1.62180664e+02, 4.32689728e+02, 1.99484055e+02, 4.34742950e+02,
       2.38947983e+02, 4.35210205e+02, 2.78436066e+02, 4.34365021e+02,
       3.16433105e+02, 3.86781555e+02, 6.67600403e+01, 3.91923950e+02,
       9.36741180e+01, 3.96838989e+02, 1.24774590e+02, 4.01565125e+02,
       1.60326935e+02, 4.05397095e+02, 1.99049805e+02, 4.07394958e+02,
       2.40598343e+02, 4.07750397e+02, 2.81952118e+02, 4.07453766e+02,
       3.21435272e+02, 3.59765137e+02, 6.47226868e+01, 3.63817017e+02,
       9.17883072e+01, 3.67443298e+02, 1.23302315e+02, 3.71561951e+02,
       1.58784912e+02, 3.74033966e+02, 1.99608749e+02, 3.76070404e+02,
       2.42315567e+02, 3.76892487e+02, 2.85396271e+02, 3.76824768e+02,
       3.25807251e+02, 3.31536011e+02, 6.43174820e+01, 3.33576904e+02,
       9.17631836e+01, 3.36107574e+02, 1.23064377e+02, 3.38420013e+02,
       1.59424622e+02, 3.40230652e+02, 2.00677017e+02, 3.41915009e+02,
       2.44273331e+02, 3.43121399e+02, 2.87859344e+02, 3.44102264e+02,
       3.29370544e+02, 4.57765411e+02, 1.41987946e+02, 4.69552338e+02,
       1.59842209e+02, 4.82046082e+02, 1.80008377e+02, 4.94680145e+02,
       2.03683304e+02, 5.07753784e+02, 2.30276321e+02, 5.20336121e+02,
       2.59959351e+02, 5.32429138e+02, 2.91594208e+02, 5.42357239e+02,
       3.26125671e+02, 4.40883118e+02, 1.53701874e+02, 4.51704010e+02,
       1.71526611e+02, 4.62867371e+02, 1.93215607e+02, 4.74862244e+02,
       2.17347610e+02, 4.86501801e+02, 2.44612869e+02, 4.98235992e+02,
       2.74718384e+02, 5.08962769e+02, 3.07851318e+02, 5.18553345e+02,
       3.41728973e+02, 4.23431061e+02, 1.65500534e+02, 4.32706390e+02,
       1.84154816e+02, 4.43133209e+02, 2.06082199e+02, 4.53342987e+02,
       2.30966614e+02, 4.64316101e+02, 2.58703400e+02, 4.74411804e+02,
       2.89716583e+02, 4.84151825e+02, 3.22555725e+02, 4.92188019e+02,
       3.57237823e+02, 4.05340698e+02, 1.77433472e+02, 4.13615082e+02,
       1.96922394e+02, 4.22319916e+02, 2.19322021e+02, 4.31591156e+02,
       2.44313034e+02, 4.40518341e+02, 2.72725800e+02, 4.49599091e+02,
       3.03611694e+02, 4.57724762e+02, 3.36544586e+02, 4.65391418e+02,
       3.70643005e+02, 3.87182861e+02, 1.88904663e+02, 3.94170410e+02,
       2.09184753e+02, 4.01595428e+02, 2.31656708e+02, 4.09159607e+02,
       2.57344055e+02, 4.17005463e+02, 2.85367432e+02, 4.24316986e+02,
       3.16362488e+02, 4.31450623e+02, 3.48869049e+02, 4.37474915e+02,
       3.82408722e+02, 3.13514160e+02, 2.94572334e+01, 3.09526154e+02,
       6.13521118e+01, 3.04949829e+02, 1.01155861e+02, 2.99691223e+02,
       1.51268585e+02, 2.94410370e+02, 2.11474564e+02, 2.89712860e+02,
       2.76284821e+02, 2.86610229e+02, 3.37839417e+02, 2.84815826e+02,
       3.90264893e+02, 2.76396515e+02, 2.89000912e+01, 2.69054932e+02,
       6.02342834e+01, 2.60899048e+02, 9.98906250e+01, 2.52670242e+02,
       1.49419479e+02, 2.45411591e+02, 2.07574173e+02, 2.40904144e+02,
       2.70071625e+02, 2.39566345e+02, 3.29792267e+02, 2.40145523e+02,
       3.82130005e+02, 2.41418686e+02, 3.17112427e+01, 2.31463760e+02,
       6.32159653e+01, 2.21298355e+02, 1.02412308e+02, 2.11471405e+02,
       1.50197006e+02, 2.03515488e+02, 2.04965576e+02, 1.99154556e+02,
       2.63514709e+02, 1.98715408e+02, 3.20029663e+02, 2.00693375e+02,
       3.70636536e+02, 2.09971390e+02, 3.74095879e+01, 1.98815506e+02,
       6.89868088e+01, 1.87665222e+02, 1.07411110e+02, 1.77330383e+02,
       1.52544037e+02, 1.69612167e+02, 2.03587753e+02, 1.65491165e+02,
       2.57454895e+02, 1.65506927e+02, 3.10152618e+02, 1.68331604e+02,
       3.58053253e+02, 1.82385712e+02, 4.41106758e+01, 1.71123993e+02,
       7.62108612e+01, 1.60141144e+02, 1.13356178e+02, 1.50418335e+02,
       1.56069214e+02, 1.43155182e+02, 2.02965393e+02, 1.39280853e+02,
       2.52164780e+02, 1.39099213e+02, 3.00645050e+02, 1.41804489e+02,
       3.45753326e+02, 4.35772797e+02, 1.43357376e+02, 4.41971893e+02,
       1.91380966e+02, 4.45471741e+02, 2.41895538e+02, 4.46364685e+02,
       2.92603119e+02, 4.43396545e+02, 3.38792694e+02, 4.39356293e+02,
       3.79672546e+02, 4.34053009e+02, 4.14667664e+02, 4.28447449e+02,
       4.43309235e+02, 3.99955109e+02, 1.43219833e+02, 4.05794952e+02,
       1.92665390e+02, 4.09063721e+02, 2.45705948e+02, 4.09932648e+02,
       2.98280670e+02, 4.08712250e+02, 3.46425171e+02, 4.05516785e+02,
       3.87296814e+02, 4.01918182e+02, 4.21930481e+02, 3.98454346e+02,
       4.50925751e+02, 3.60402832e+02, 1.44704041e+02, 3.64712372e+02,
       1.95364609e+02, 3.67873535e+02, 2.49612198e+02, 3.69513580e+02,
       3.03379517e+02, 3.69479279e+02, 3.51602509e+02, 3.68681396e+02,
       3.92697205e+02, 3.67360565e+02, 4.26695679e+02, 3.66046295e+02,
       4.55381287e+02, 3.18697693e+02, 1.48796661e+02, 3.21415985e+02,
       1.99471863e+02, 3.24267212e+02, 2.53381332e+02, 3.26537903e+02,
       3.06585083e+02, 3.28590546e+02, 3.54288391e+02, 3.30397278e+02,
       3.94819183e+02, 3.31914917e+02, 4.28395569e+02, 3.32819977e+02,
       4.56388947e+02, 2.78695129e+02, 1.55328506e+02, 2.80244873e+02,
       2.04552551e+02, 2.82368256e+02, 2.56621460e+02, 2.85664795e+02,
       3.07718353e+02, 2.89319427e+02, 3.53760559e+02, 2.93385162e+02,
       3.93504028e+02, 2.97215637e+02, 4.26730103e+02, 3.00657227e+02,
       4.54406860e+02, 2.17907806e+02, 8.47078400e+01, 2.11661621e+02,
       1.14953728e+02, 2.05830902e+02, 1.48961823e+02, 2.01084503e+02,
       1.87096863e+02, 1.97892532e+02, 2.28316147e+02, 1.96748367e+02,
       2.69974945e+02, 1.97749023e+02, 3.10755707e+02, 2.00436295e+02,
       3.48979431e+02, 1.91288864e+02, 8.33704147e+01, 1.83849701e+02,
